latitude=44.423614
longitude=26.047749
distance=100
port= 8080